epoch_s vmrss_kb vmhwm_kb map_count
1790111313 62856 63120 241
1790111318 289348 289612 1344
1790111323 732340 792136 2465
1790111328 932400 932444 2681
1790111333 1121328 1121356 2805
1790111338 1295228 1295228 6053
1790111343 1467956 1467956 6251
1790111348 1557260 1557260 6251
1790111353 1655968 1655980 8516
1790111358 1760668 1760668 8516
1790111363 1801252 1801284 10725
1790111368 1870836 1870836 11594
1790111373 1889900 1889900 13490
1790111378 1969148 1969148 13967
1790111383 2019952 2019952 16321
1790111388 2243064 2243592 16323
1790111394 2262772 2262772 16323
1790111399 2282860 2282860 16323
1790111404 2330232 2330272 18918
1790111409 2331912 2331912 18917
1790111414 2348412 2348436 21182
1790111419 2358012 2358012 21182
1790111424 2383884 2383924 23216
1790111429 2455888 2455888 24261
1790111434 2472284 2472512 26604
1790111439 2547128 2547128 26633
1790111444 2568372 2568372 28987
1790111449 2811988 2811988 28987
1790111454 2825952 2825952 28987
1790111459 2844856 2844856 28987
1790111464 2816552 2864724 13465
