epoch_s vmrss_kb vmhwm_kb map_count
1790123776 84080 84080 321
1790123781 361772 364732 1867
1790123786 776272 798252 2658
1790123791 950424 950424 2799
1790123796 1235124 1235132 4953
1790123801 1518644 1519956 8385
1790123806 1739608 1739616 8771
1790123811 1916628 1917920 9091
1790123816 2125420 2126192 9411
1790123821 2332904 2332904 9755
1790123826 2614320 2614320 10017
1790123831 2771328 2771328 10401
1790123836 2827120 2827176 10403
1790123841 2879464 2879492 10403
1790123846 2882632 2883344 10404
1790123851 2947960 2948152 10404
1790123856 4349904 4352016 10405
1790123861 6446752 6446752 20911
1790123866 6446752 6446752 20911
1790123871 6446752 6446752 20911
1790123876 6188064 6446752 20912
1790123881 5721320 6446752 21300
1790123886 5725732 6446752 21685
1790123891 5733720 6446752 23341
1790123896 5698472 6446752 6947
1790123901 5678256 6446752 3085
1790123906 5678840 6446752 3084
1790123911 5729524 6446752 5396
1790123917 5735936 6446752 2979
1790123922 5752048 6446752 8635
1790123927 5760464 6446752 11692
1790123932 5774524 6446752 16415
1790123937 5810172 6446752 21275
1790123942 5832380 6446752 29080
1790123947 5764216 6446752 2971
1790123952 5774288 6446752 6415
1790123957 5765304 6446752 2980
1790123962 5765304 6446752 2980
1790123967 5765584 6446752 2980
1790123972 5766016 6446752 2980
1790123977 5766016 6446752 2980
1790123982 5766016 6446752 2980
1790123987 5766036 6446752 2980
1790123992 5766036 6446752 2980
1790123997 5766036 6446752 2980
1790124002 5766036 6446752 2980
1790124007 5815152 6446752 7017
1790124012 5823412 6446752 9581
1790124017 5826900 6446752 10817
1790124022 5829796 6446752 11926
1790124027 5831916 6446752 12341
1790124032 5865708 6446752 14603
1790124037 5887116 6446752 22407
1790124042 5836892 6446752 2975
1790124047 5845080 6446752 6310
1790124052 5845532 6446752 6430
1790124057 5845692 6446752 6430
1790124062 5874200 6446752 12225
1790124067 5866792 6446752 9343
1790124072 5872504 6446752 10238
1790124077 5843460 6446752 2986
1790124082 5850144 6446752 6434
1790124087 5858528 6446752 9507
1790124092 5858664 6446752 9506
1790124097 5866696 6446752 11781
1790124102 5866780 6446752 11781
1790124107 5877004 6446752 14119
1790124112 5877900 6446752 14149
1790124117 5877900 6446752 14149
1790124122 5885912 6446752 16813
1790124127 5891124 6446752 16818
1790124133 5891988 6446752 16818
1790124138 5892132 6446752 16818
1790124143 5892492 6446752 16818
1790124148 5892492 6446752 16818
1790124153 5892740 6446752 16818
1790124158 5894148 6446752 16818
1790124163 5910848 6446752 21459
1790124168 5945752 6446752 26943
1790124173 5959192 6446752 31648
1790124178 5882044 6446752 3727
1790124183 5891196 6446752 6433
1790124188 5907100 6446752 11780
1790124193 5934544 6446752 16814
1790124198 5935632 6446752 16819
1790124203 5936396 6446752 16819
1790124208 5945576 6446752 16819
1790124213 5945900 6446752 16819
1790124218 5946012 6446752 16819
1790124223 5958968 6446752 21459
1790124228 5973784 6446752 26943
1790124233 5987896 6446752 31648
1790124238 5915760 6446752 5287
1790124243 5924820 6446752 8641
1790124248 5933012 6446752 11698
1790124253 5945524 6446752 16418
1790124258 5966736 6446752 24354
1790124263 5979784 6446752 29081
1790124268 5910324 6446752 2985
