epoch_s vmrss_kb vmhwm_kb map_count
1790123776 80080 80344 322
1790123781 357772 361148 1865
1790123786 770580 792424 2657
1790123791 944728 945956 2794
1790123796 1228720 1228736 4949
1790123801 1516468 1518844 8384
1790123806 1738688 1738768 8798
1790123811 1929300 1930680 9126
1790123816 2145504 2145504 9450
1790123821 2375052 2375052 9862
1790123826 2615652 2615656 10096
1790123831 2745812 2745900 10399
1790123836 2805692 2805696 10400
1790123841 2839796 2840664 10401
1790123846 2841932 2841932 10401
1790123851 2929320 2929320 10401
1790123856 4738808 4745408 20908
1790123861 6403960 6403960 20908
1790123866 6403960 6403960 20908
1790123871 6403960 6403960 20908
1790123876 5804384 6403960 20908
1790123881 6057400 6403960 21339
1790123886 6065028 6403960 21745
1790123891 6079568 6403960 23670
1790123897 6091644 6403960 23812
1790123902 6127640 6403960 27148
1790123907 6162204 6403960 27958
1790123912 6186892 6403960 31032
1790123917 6518440 6523192 38354
1790123922 6953292 6953292 43698
1790123927 7204416 7204448 48425
1790123932 7402300 7455756 25746
1790123937 7442136 7455756 25746
1790123942 7479260 7479260 25746
1790123947 7500984 7500984 25745
1790123952 7524328 7524372 30139
1790123957 7491844 7524696 18732
1790123962 7492696 7524696 19081
1790123967 7508476 7524696 21449
1790123972 7531032 7531032 29254
1790123977 7549700 7549748 31850
1790123982 7550596 7563536 31874
1790123987 7571736 7571736 39589
1790123992 7587140 7587140 42279
1790123997 7587672 7587672 42282
1790124002 7597360 7597360 42282
1790124007 7597684 7597684 42282
1790124012 7597892 7597892 42282
1790124017 7598180 7598180 42282
1790124022 7611716 7611716 46925
1790124027 7630396 7630444 50019
1790124032 7667100 7667100 57045
1790124037 7616672 7668968 37283
1790124042 7630116 7668968 41941
1790124047 7638764 7668968 44609
1790124052 7638932 7668968 44609
1790124057 7639028 7668968 44609
1790124062 7639120 7668968 44609
1790124067 7639212 7668968 44609
1790124072 7645396 7668968 46909
1790124078 7660404 7668968 52370
1790124083 7674176 7674176 57045
1790124088 7637512 7675224 39547
1790124093 7661852 7675224 44273
1790124098 7673024 7675224 49133
1790124103 7689524 7689524 54564
1790124108 7880796 7880796 59535
1790124113 7828888 7890064 36467
1790124118 7860736 7890064 44273
1790124123 7867776 7890064 46870
1790124128 7882108 7890064 52214
1790124133 7895184 7895232 56940
1790124138 7845260 7906032 36467
1790124143 7859792 7906032 41898
1790124148 7873028 7906032 46869
1790124153 7853568 7906032 39547
1790124158 7866196 7906032 44274
1790124163 7700684 7906032 21540
1790124168 7719800 7906032 28716
1790124173 7732092 7906032 33356
1790124178 7718936 7906032 24626
1790124183 7731500 7906032 29351
1790124188 7751916 7906032 37025
1790124193 7772424 7906032 41751
1790124198 7719188 7906032 21549
1790124203 7743324 7906032 26576
1790124208 7770024 7906032 31266
1790124213 7750232 7906032 23680
1790124218 7761784 7906032 28022
1790124223 7782304 7906032 35717
1790124228 7762248 7906032 28022
1790124233 7763556 7906032 26905
1790124238 7776112 7906032 31631
1790124243 7789072 7906032 36490
1790124248 7810060 7906032 44296
1790124253 7749784 7906032 21564
1790124258 7770240 7906032 29255
1790124263 7783480 7906032 34226
1790124269 7797688 7906032 39570
1790124274 7810796 7906032 44297
1790124279 7756436 7906032 23824
1790124284 7772180 7906032 29277
1790124289 7795488 7906032 34226
1790124294 8712164 8714012 42227
1790124299 9722484 9722484 42227
1790124304 9722484 9722484 42227
1790124309 9722484 9820972 42227
1790124314 8975084 9820972 42226
1790124319 8975112 9820972 42226
1790124324 8975184 9820972 42226
1790124329 8975220 9820972 42226
1790124334 8975344 9820972 42226
1790124339 8920468 9820972 21564
1790124344 8941892 9820972 29582
1790124349 8948896 9820972 29582
1790124354 8948896 9820972 29582
1790124359 8948948 9820972 29582
1790124364 8953572 9820972 29582
1790124369 8967848 9820972 34926
1790124374 8980660 9820972 39652
1790124379 8994052 9820972 44512
1790124384 9008568 9820972 49965
1790124389 9022016 9820972 54915
1790124394 11170516 11172892 62914
1790124399 12050060 12050060 62914
1790124404 12050060 12050060 62914
1790124409 12050096 12050096 62914
1790124414 11530860 12050096 62914
1790124419 11531140 12050096 62914
1790124424 11531364 12050096 62914
1790124429 11531432 12050096 62914
1790124434 11531468 12050096 62914
1790124440 11088004 12050096 52513
1790124445 11109352 12050096 60318
1790124450 11116908 12050096 62915
1790124455 11118240 12050096 62914
1790124460 11118240 12050096 62914
1790124465 11504704 12050096 62914
1790124470 11859608 12050096 62914
1790124475 11830160 12050096 62914
1790124480 11842340 12050096 62914
1790124485 11881972 12050096 62914
1790124490 11895188 12050096 62914
1790124495 11918428 12050096 62914
1790124500 11918488 12050096 62914
1790124505 11918488 12050096 62914
1790124510 11918488 12050096 62914
1790124515 11911144 12050096 62914
1790124520 11911152 12050096 62914
1790124525 11911084 12050096 62914
1790124530 11946636 12050096 62914
1790124535 11885212 12050096 62914
1790124540 11893896 12050096 62914
1790124545 11948040 12050096 62914
1790124550 11978412 12050096 62914
1790124555 11948940 12050096 62914
1790124560 11979508 12050096 62914
1790124565 12024020 12050096 62914
