epoch_s vmrss_kb vmhwm_kb map_count
1790111313 67072 67336 242
1790111318 294364 294364 1345
1790111323 750788 798424 2500
1790111328 901076 901076 2658
1790111333 1147372 1147372 2956
1790111338 1277452 1277452 4853
1790111343 1359336 1359360 6425
1790111348 1452340 1452340 7913
1790111353 1637440 1637444 8506
1790111358 1841148 1841156 8900
1790111363 2058740 2059728 9216
1790111368 2243772 2243812 9572
1790111373 2573196 2573196 9881
1790111378 2746416 2746464 10301
1790111383 2810552 2810580 10303
1790111388 2858392 2858392 10303
1790111394 2862132 2862148 10302
1790111399 2980052 2980164 10302
1790111404 3177652 3180820 10303
1790111409 4295364 4305128 10303
1790111414 4334764 4515196 10303
1790111419 4405268 4515196 10303
1790111424 4681884 4681884 10303
1790111429 4682572 4682572 10303
1790111434 4684148 4684148 10303
1790111439 4695356 4695356 10303
1790111444 4695364 4695364 10303
1790111449 4712620 4712620 10303
1790111454 4712628 4712628 10303
1790111459 4712628 4712628 10303
1790111464 4712648 4712648 10303
1790111469 4712652 4712652 10303
1790111474 4712688 4712688 10303
1790111479 4712688 4712688 10303
1790111484 4712688 4712688 10303
1790111489 4712688 4712688 10303
1790111494 4712692 4712692 10303
1790111499 4712692 4712692 10303
1790111504 4716836 4716836 10303
1790111509 4716836 4716836 10303
1790111514 4716836 4716836 10303
1790111519 4716848 4716848 10303
1790111524 4716864 4716864 10303
1790111529 4716864 4716864 10303
1790111534 4716864 4716864 10303
1790111539 4716864 4716864 10303
1790111544 4716864 4716864 10303
1790111549 4716864 4716864 10303
1790111554 4716864 4716864 10303
1790111559 4731484 4731484 10303
1790111564 4728720 4796736 10303
1790111569 4752056 4796736 10303
1790111574 4732276 4796736 10303
1790111579 4774172 4796736 10303
1790111584 4867692 4913976 10303
1790111590 4916864 4991996 12288
1790111595 4918124 5131832 20810
1790111600 5246796 5246796 31321
1790111605 5241088 5599128 20910
1790111610 5298448 5599128 21370
1790111615 5299484 5599128 21657
1790111620 5305368 5599128 23240
1790111625 5315940 5599128 23643
1790111630 5332064 5599128 23719
1790111635 5335604 5599128 24241
1790111640 5350000 5599128 27900
1790111645 5389128 5599128 27102
1790111650 5389128 5599128 27102
1790111655 5400520 5599128 29364
1790111660 5428704 5599128 27853
1790111665 5428756 5599128 27853
1790111670 5432720 5599128 28256
1790111675 5453024 5599128 30928
1790111680 5453024 5599128 30928
1790111685 5466440 5599128 33286
1790111690 5468192 5599128 33307
1790111695 5468388 5599128 33307
1790111700 5513776 5599128 35662
1790111705 5711664 5711664 35662
1790111710 5712904 5712904 35662
1790111715 5731820 5731820 35662
1790111720 5719228 5777576 38257
1790111726 6057784 6057784 43601
1790111731 6298392 6298392 48327
1790111736 6478488 6543648 25600
1790111741 6441368 6543648 12259
