epoch_s vmrss_kb vmhwm_kb map_count
1790111432 104516 107828 369
1790111437 717904 778024 2270
1790111442 921728 922016 2482
1790111447 1099488 1099488 2514
1790111452 1316580 1316580 4947
1790111457 1510276 1511068 5961
1790111462 1541904 1541972 5961
1790111467 1603916 1603948 8226
1790111472 1708252 1708252 8226
1790111477 1720476 1720476 8226
1790111482 1799292 1799292 11304
1790111487 1811388 1811388 11391
1790111492 1895416 1895416 13677
1790111498 1908420 1908420 14799
1790111503 2006272 2006272 16033
1790111508 2178864 2178864 16033
1790111513 2198868 2198868 16033
1790111518 2213196 2213348 18627
1790111523 2223688 2223688 18627
1790111528 2233896 2233904 20892
1790111533 2242080 2242080 20892
1790111538 2257212 2257984 21026
1790111543 2334564 2334564 23971
1790111548 2342036 2342036 23971
1790111553 2429028 2429028 26343
1790111558 2437564 2437564 26343
1790111563 2536296 2536296 28697
1790111568 2708948 2708948 28697
1790111573 2715580 2715580 28697
1790111578 2736512 2736512 31106
