epoch_s vmrss_kb vmhwm_kb map_count
1790111432 106512 109824 369
1790111437 727660 776124 2295
1790111442 907728 907992 2500
1790111447 1275392 1275392 6078
1790111452 1480096 1480096 8050
1790111457 1693796 1693800 8461
1790111462 1914596 1914596 8832
1790111467 2116388 2116388 9174
1790111472 2344268 2344268 9524
1790111477 2615140 2615664 9826
1790111482 2704564 2704588 10018
1790111487 2759660 2759920 10018
1790111492 2776336 2776336 10018
1790111498 2846956 2847272 10019
1790111503 3020660 3020660 10020
1790111508 3950132 3951716 10020
1790111513 4264364 4431860 10020
1790111518 4211368 4431860 10020
1790111523 4599936 4599936 10020
1790111528 4600072 4600072 10020
1790111533 4600960 4600960 10020
1790111538 4613188 4613188 10020
1790111543 4613312 4613312 10020
1790111548 4630480 4630480 10020
1790111553 4630492 4630492 10020
1790111558 4630496 4630496 10020
1790111563 4630496 4630496 10020
1790111568 4630496 4630496 10020
1790111573 4630544 4630544 10020
1790111578 4630544 4630544 10020
1790111583 4630544 4630544 10020
1790111588 4630552 4630552 10020
1790111593 4630552 4630552 10020
1790111598 4630552 4630552 10020
1790111603 4631272 4631272 10020
1790111608 4631280 4631280 10020
1790111613 4631284 4631284 10020
1790111618 4631288 4631288 10020
1790111623 4631292 4631292 10020
1790111628 4631292 4631292 10020
1790111633 4631292 4631292 10020
1790111638 4631292 4631292 10020
1790111643 4631292 4631292 10020
1790111648 4631296 4631296 10020
1790111653 4591024 4648528 10020
1790111658 4654604 4703376 10020
1790111663 4696224 4703376 10020
1790111668 4696920 4703376 10020
1790111673 4796740 4796916 10020
1790111678 4985000 4986556 10020
1790111683 4943956 5019792 16835
1790111689 5004940 5124608 20528
1790111694 5580568 5580568 20527
1790111699 5202260 5591796 20894
1790111704 5203040 5591796 21216
1790111709 5207544 5591796 22944
1790111714 5214784 5591796 23334
1790111719 5240900 5591796 26694
1790111724 5251404 5591796 29079
1790111729 5459488 5591796 30643
1790111734 5701280 5701304 35369
1790111739 6283340 6283340 43308
1790111744 6535644 6535648 48036
1790111749 6684596 6781940 14804
