epoch_s vmrss_kb vmhwm_kb map_count
1790111313 63400 63920 242
1790111318 288644 288644 1345
1790111323 747272 794468 2500
1790111328 887648 887648 2652
1790111333 1086044 1086044 2953
1790111338 1291032 1291032 4851
1790111343 1440004 1440364 7692
1790111348 1595816 1596060 8407
1790111353 1807284 1807324 8806
1790111358 2036676 2037296 9176
1790111363 2222380 2222380 9516
1790111368 2495444 2495444 9871
1790111373 2738880 2738920 10298
1790111378 2798176 2798192 10299
1790111383 2851716 2851716 10300
1790111388 2855568 2856232 10300
1790111394 2942620 2942768 10298
1790111399 3169392 3170180 10301
1790111404 4189432 4191012 10301
1790111409 4284284 4513244 10301
1790111414 4293828 4513244 10301
1790111419 4680364 4680364 10301
1790111424 4680668 4680668 10301
1790111429 4682352 4682352 10301
1790111434 4696120 4696120 10301
1790111439 4696160 4696160 10301
1790111444 4709684 4709684 10301
1790111449 4709712 4709712 10301
1790111454 4709720 4709720 10301
1790111459 4709740 4709740 10301
1790111464 4709744 4709744 10301
1790111469 4709760 4709760 10301
1790111474 4709788 4709788 10301
1790111479 4709788 4709788 10301
1790111484 4709792 4709792 10301
1790111489 4709796 4709796 10301
1790111494 4709804 4709804 10301
1790111499 4709808 4709808 10301
1790111504 4709808 4709808 10301
1790111509 4713644 4713644 10301
1790111514 4713644 4713644 10301
1790111519 4713644 4713644 10301
1790111524 4713660 4713660 10301
1790111529 4713672 4713672 10301
1790111534 4713672 4713672 10301
1790111539 4713672 4713672 10301
1790111544 4713672 4713672 10301
1790111549 4713672 4713672 10301
1790111554 4713672 4713672 10301
1790111559 4713672 4713672 10301
1790111564 4713672 4713672 10301
1790111569 4713672 4713672 10301
1790111574 4664092 4729976 10301
1790111579 4719304 4780548 10301
1790111585 4718764 4780548 10301
1790111590 4717484 4780548 10301
1790111595 4749464 4780548 10301
1790111600 4780620 4780620 10301
1790111605 4869032 4869032 10301
1790111610 4915076 5005732 12731
1790111615 4927288 5120104 20807
1790111620 5124492 5406600 21015
1790111625 5125588 5406600 21382
1790111630 5126732 5406600 21734
1790111635 5131500 5406600 23237
1790111640 5142012 5406600 23626
1790111645 5158028 5406600 23716
1790111650 5169700 5406600 26024
1790111655 5186760 5406600 27097
1790111660 5189768 5406600 27104
1790111665 5209036 5406600 29368
1790111670 5220440 5406600 27858
1790111675 5220444 5406600 27858
1790111680 5235764 5406600 30931
1790111685 5238792 5406600 30931
1790111690 5254420 5406600 33282
1790111695 5330272 5406600 33303
1790111700 5345732 5406600 35657
1790111705 5591552 5591552 35658
1790111710 5602480 5602480 35658
1790111715 5621624 5621624 35658
1790111720 5667868 5667868 38253
1790111726 5669328 5669328 38253
1790111731 5680016 5680016 40518
1790111736 5690132 5690132 40518
1790111741 5709084 5709084 43597
1790111746 5763480 5763480 43597
1790111751 5802528 5802528 45969
1790111756 5856248 5856248 45969
1790111761 5896424 5896424 48323
1790111766 6125316 6125316 48323
1790111771 6145320 6145320 48323
1790111776 6125408 6159076 38254
1790111781 6130748 6159076 25645
1790111786 6189144 6189148 25645
1790111791 6160000 6189900 15139
1790111796 6160396 6189900 15139
1790111801 6160960 6189900 15139
1790111806 6160964 6189900 15139
1790111811 6160972 6189900 15139
1790111816 6160972 6189900 15139
1790111821 6160972 6189900 15139
1790111826 6161380 6189900 15139
1790111831 6177516 6189900 19457
1790111836 6173376 6189900 17802
1790111841 6176468 6189900 18883
1790111846 6193776 6193824 19088
1790111851 6193780 6193824 19088
1790111856 6200744 6200788 21352
1790111861 6200744 6200812 21352
1790111866 6210940 6210988 24432
1790111871 6210940 6210988 24432
1790111876 6219508 6219552 26800
1790111881 6219884 6219884 26800
1790111886 6232752 6232752 29153
1790111891 6232768 6232768 29153
1790111896 6232780 6232780 29153
1790111902 6251308 6251312 31749
1790111907 6251492 6251492 31749
1790111912 6252500 6252500 31749
1790111917 6262884 6262884 34669
1790111922 6267344 6267344 36818
1790111927 6265008 6268428 31772
1790111932 6265236 6268428 31772
1790111937 6277628 6277664 34852
1790111942 6278044 6278044 34852
1790111947 6283916 6283916 37146
1790111952 6291164 6291164 39488
1790111957 6291652 6291652 39509
1790111962 6291652 6291652 39509
1790111967 6303836 6303836 42178
1790111972 6305272 6305272 42181
1790111977 6305908 6305908 42181
1790111982 6305992 6305992 42181
1790111987 6315204 6315204 42181
1790111992 6315252 6315264 42181
1790111997 6317632 6317632 42181
1790112002 6323940 6323984 44514
1790112007 6330216 6330248 46839
1790112012 6330580 6330580 46838
1790112017 6343288 6343288 49918
1790112022 6344004 6344004 49918
1790112027 6351992 6352040 52290
1790112032 6354040 6354040 52290
1790112037 6432584 6432584 54644
1790112042 6444924 6444924 55958
1790112047 6420184 6472228 34102
1790112052 6420428 6472228 34102
1790112057 6433552 6472228 37182
1790112062 6433552 6472228 37182
1790112067 6439984 6472228 39476
1790112072 6440816 6472228 39476
1790112077 6445760 6472228 41839
1790112083 6445760 6472228 41839
1790112088 6453104 6472228 44508
1790112093 6468080 6472228 44508
1790112098 6468468 6472228 44508
1790112103 6469540 6472228 44508
1790112108 6469540 6472228 44508
1790112113 6469676 6472228 44508
1790112118 6469724 6472228 44508
1790112123 6476960 6477008 46838
1790112128 6476960 6477008 46838
1790112133 6486436 6486448 49918
1790112138 6486436 6486448 49918
1790112143 6494252 6494252 52290
1790112148 6494252 6494252 52290
1790112153 6509724 6509724 54644
1790112158 6509724 6509724 54644
1790112163 6470364 6518672 38795
1790112168 6458044 6518672 34102
1790112173 6458044 6518672 34102
1790112178 6463828 6518672 36366
1790112183 6463908 6518672 36366
1790112188 6473636 6518672 39446
1790112193 6473856 6518672 39446
1790112198 6473976 6518672 39446
1790112203 6479524 6518672 41818
1790112208 6479524 6518672 41818
1790112213 6486884 6518672 44172
1790112218 6486884 6518672 44172
1790112223 6486916 6518672 44172
1790112228 6486916 6518672 44172
1790112234 6494384 6518672 46768
1790112239 6494384 6518672 46768
1790112244 6500392 6518672 49033
1790112249 6500480 6518672 49032
1790112254 6506356 6518672 51220
1790112259 6510464 6518672 52112
1790112264 6516364 6518672 54463
1790112269 6516572 6518672 54484
1790112274 6542064 6542064 56839
1790112279 6741092 6741092 56838
1790112284 6742400 6742400 56838
1790112289 6763264 6763264 56838
1790112294 6706624 6773720 34102
1790112299 6706992 6773720 34102
1790112304 6712008 6773720 36366
1790112309 6712032 6773720 36366
1790112314 6719100 6773720 38825
1790112319 6720852 6773720 39446
1790112324 6727504 6773720 41797
1790112329 6727680 6773720 41818
1790112334 6733248 6773720 44173
1790112339 6733236 6773720 44172
1790112344 6733256 6773720 44172
1790112349 6733468 6773720 44172
1790112354 6740264 6773720 46768
1790112359 6741056 6773720 46768
1790112364 6712372 6773720 36371
1790112369 6712372 6773720 36371
1790112374 6721868 6773720 39452
1790112379 6721856 6773720 39451
1790112384 6728024 6773720 41824
1790112389 6728008 6773720 41823
1790112394 6733536 6773720 44174
1790112399 6733516 6773720 44173
1790112405 6733584 6773720 44173
1790112410 6733584 6773720 44173
1790112415 6674260 6773720 21442
1790112420 6674244 6773720 21441
1790112425 6679600 6773720 23705
1790112430 6679600 6773720 23705
1790112435 6679964 6773720 23705
1790112440 6687748 6773720 26785
1790112445 6687748 6773720 26785
1790112450 6694908 6773720 29153
1790112455 6694908 6773720 29153
1790112460 6707048 6773720 31506
1790112465 6707056 6773720 31506
1790112470 6707056 6773720 31506
1790112475 6709388 6773720 31506
1790112480 6716712 6773720 34102
1790112485 6718764 6773720 34970
1790112490 6723212 6773720 36366
1790112495 6723448 6773720 36366
1790112500 6730252 6773720 39446
1790112505 6731364 6773720 39446
1790112510 6737788 6773720 41818
1790112515 6738128 6773720 41820
1790112520 6743912 6773720 44172
1790112525 6743912 6773720 44172
1790112530 6743912 6773720 44172
1790112535 6682188 6773720 21441
1790112540 6682516 6773720 21441
1790112545 6688528 6773720 23561
1790112550 6688976 6773720 23560
1790112555 6690764 6773720 23560
1790112560 6697288 6773720 26471
1790112565 6701080 6773720 28004
1790112571 6702780 6773720 28641
1790112576 6702900 6773720 28641
1790112581 6702900 6773720 28641
1790112586 6710352 6773720 31101
1790112591 6710368 6773720 31101
1790112596 6706668 6773720 30344
1790112601 6683012 6773720 21449
1790112606 6683024 6773720 21449
1790112611 6692736 6773720 24529
1790112616 6692736 6773720 24529
1790112621 6699544 6773720 26901
1790112626 6699748 6773720 26901
1790112631 6704784 6773720 29251
1790112636 6711300 6773720 31440
1790112641 6712208 6773720 31580
1790112646 6717772 6773720 33845
1790112651 6717756 6773720 33844
1790112656 6726592 6773720 36925
1790112661 6726576 6773720 36924
1790112666 6732240 6773720 39296
1790112671 6732240 6773720 39296
1790112676 6755988 6773720 41650
1790112681 6755996 6773720 41650
1790112686 6755996 6773720 41650
1790112691 6704768 6773720 21450
1790112696 6704768 6773720 21449
1790112701 6710348 6773720 23568
1790112706 6710348 6773720 23568
1790112711 6717444 6773720 26479
1790112716 6717444 6773720 26479
1790112721 6722792 6773720 28649
1790112726 6722792 6773720 28649
1790112731 6729624 6773720 31167
1790112736 6729576 6773720 31166
1790112741 6705368 6773720 21465
1790112746 6705336 6773720 21464
1790112751 6710100 6773720 23583
1790112756 6710100 6773720 23583
1790112761 6715940 6773720 25777
1790112766 6721932 6773720 27926
1790112772 6722016 6773720 27926
1790112777 6727240 6773720 30186
1790112782 6727240 6773720 30186
1790112787 6736364 6773720 33266
1790112792 6736348 6773720 33265
1790112797 6742320 6773720 35637
1790112802 6742320 6773720 35637
1790112807 6747884 6773720 37991
1790112812 6747884 6773720 37991
1790112817 6747884 6773720 37991
1790112822 6705092 6773720 21464
1790112827 6705092 6773720 21464
1790112832 6710956 6773720 23728
1790112837 6710956 6773720 23728
1790112842 6719012 6773720 26808
1790112847 6719012 6773720 26808
1790112852 6725160 6773720 29176
1790112857 6732284 6773720 31529
1790112862 6732284 6773720 31529
1790112867 6732284 6773720 31529
1790112872 6732496 6773720 31529
1790112877 6738536 6773720 34125
1790112882 6744372 6773720 36389
1790112887 6744372 6773720 36389
1790112892 6753468 6773720 38787
1790112897 6754776 6773720 39469
1790112902 6760784 6773720 41841
1790112907 6760784 6773720 41841
1790112912 6767500 6773720 44195
1790112917 6767500 6773720 44195
1790112922 6767500 6773720 44195
1790112927 6707136 6774472 21464
1790112932 6707136 6774472 21464
1790112937 6714200 6774472 23728
1790112942 6714200 6774472 23728
1790112947 6722104 6774472 26808
1790112952 6722104 6774472 26808
1790112957 6727888 6774472 29176
1790112962 6727976 6774472 29176
1790112967 6733492 6774472 31529
1790112972 6733492 6774472 31529
1790112978 6733492 6774472 31529
1790112983 6743784 6774472 34125
1790112988 6744632 6774472 34125
1790112993 6751064 6774472 36389
1790112998 6751400 6774472 36389
1790113003 6758404 6774472 39469
1790113008 6765868 6774472 41820
1790113013 6765980 6774472 41841
1790113018 6771848 6774472 44196
1790113023 6771848 6774472 44195
1790113028 6771848 6774472 44195
1790113033 6745200 6778868 34125
1790113038 6711656 6778868 21464
1790113043 6718540 6778868 23729
1790113048 6718524 6778868 23728
1790113053 6726020 6778868 26808
1790113058 6726020 6778868 26808
1790113063 6732028 6778868 29176
1790113068 6732028 6778868 29176
1790113073 6738844 6778868 31529
1790113078 6738844 6778868 31529
1790113083 6738844 6778868 31529
1790113088 6745940 6778868 34125
1790113093 6787936 6787936 34126
1790113098 6745952 6787936 34125
1790113103 7119268 7120316 34125
1790113108 7536872 7536872 34125
1790113113 7537292 7614092 34125
1790113118 7519716 7614120 34125
1790113123 7559348 7614120 34125
1790113128 7574348 7614120 34125
1790113133 7590744 7614120 34125
1790113138 7590744 7614120 34125
1790113143 7590744 7614120 34125
1790113148 7605884 7647868 34125
1790113153 7605888 7647868 34125
1790113158 7605888 7647872 34125
1790113163 7616884 7647872 34125
1790113168 7599608 7674488 34125
1790113173 7594012 7674488 34125
1790113178 7593676 7674488 34125
1790113183 7599696 7674488 34125
1790113189 7622424 7674488 34125
1790113194 7654504 7674488 34125
1790113199 7649024 7789768 42104
1790113204 7683412 7839752 42125
1790113209 7683412 7839752 42125
1790113214 7683440 7839752 42125
1790113219 7683440 7839752 42125
1790113224 7683636 7839752 42125
1790113229 7683876 7839752 42125
1790113234 7683876 7839752 42125
1790113239 7684208 7839752 42125
1790113244 8287548 8287708 42125
1790113249 8344916 8439876 42125
1790113254 8319580 8440176 42125
1790113259 8359160 8440176 42125
1790113264 8385396 8440176 42125
1790113269 8413972 8440176 42125
1790113274 8414156 8440176 42125
1790113279 8414156 8440176 42125
1790113284 8465024 8506976 42125
1790113289 8465172 8507040 42125
1790113294 8465176 8507040 42125
1790113299 8465176 8507100 42125
1790113304 8465176 8507100 42125
1790113309 8430964 8507100 42125
1790113314 8461384 8507100 42125
1790113319 8475724 8507100 42125
1790113324 8451192 8507100 42125
1790113329 8453260 8507100 42125
1790113334 8498540 8507100 45074
1790113339 8504960 8668044 50147
1790113344 8505936 8668044 50147
1790113349 8506028 8668044 50147
1790113354 8512484 8668044 52412
1790113359 8512480 8668044 52411
1790113364 8519028 8668044 54494
1790113369 8521844 8668044 55491
1790113374 8528196 8668044 57863
1790113380 8528196 8668044 57863
1790113385 8535484 8668044 60218
1790113390 8535476 8668044 60217
1790113395 8535476 8668044 60217
1790113400 8540204 8668044 61874
1790113405 8542796 8668044 62813
1790113410 8548996 8668044 65078
1790113415 8549020 8668044 65077
1790113420 na na 0
