epoch_s vmrss_kb vmhwm_kb map_count
1790111313 63120 63120 242
1790111318 290568 290600 1345
1790111323 745744 792508 2497
1790111328 895536 895536 2649
1790111333 1126900 1127692 2944
1790111338 1258348 1260724 4843
1790111343 1363128 1363276 6422
1790111348 1445272 1445296 7899
1790111353 1631768 1634864 8496
1790111358 1845108 1845116 8905
1790111363 2067640 2067760 9224
1790111368 2252068 2252332 9579
1790111373 2565048 2565048 9900
1790111378 2754912 2754928 10298
1790111383 2820376 2820376 10298
1790111388 2865388 2865388 10299
1790111394 2869940 2869940 10299
1790111399 2992696 2992880 10298
1790111404 3212800 3213328 10301
1790111409 4312604 4312604 10301
1790111414 4407980 4520352 10301
1790111419 4456520 4520352 10301
1790111424 4687816 4687816 10301
1790111429 4688504 4688504 10301
1790111434 4689452 4689460 10301
1790111439 4704188 4704188 10301
1790111444 4704240 4704240 10301
1790111449 4719856 4719856 10301
1790111454 4719864 4719864 10301
1790111459 4719872 4719872 10301
1790111464 4720000 4720000 10301
1790111469 4720004 4720004 10301
1790111474 4720036 4720036 10301
1790111479 4720036 4720036 10301
1790111484 4720036 4720036 10301
1790111489 4720036 4720036 10301
1790111494 4720036 4720036 10301
1790111499 4720036 4720036 10301
1790111504 4720760 4720760 10301
1790111509 4720760 4720760 10301
1790111514 4720780 4720780 10301
1790111519 4720792 4720792 10301
1790111524 4720800 4720800 10301
1790111529 4720800 4720800 10301
1790111534 4720800 4720800 10301
1790111539 4720800 4720800 10301
1790111544 4720800 4720800 10301
1790111549 4720800 4720800 10301
1790111554 4671172 4735012 10301
1790111559 4730960 4790316 10301
1790111564 4734628 4790316 10301
1790111569 4733684 4790316 10301
1790111574 4769648 4790316 10301
1790111579 4881476 4890864 10301
1790111584 4921140 4998940 14057
1790111590 4991724 5122900 20807
1790111595 5211292 5335332 20807
1790111600 5189596 5588660 20907
1790111605 5348856 5588660 21231
1790111610 5350028 5588660 21603
1790111615 5350900 5588660 21820
1790111620 5361032 5588660 23570
1790111625 5366664 5588660 23679
1790111630 5382584 5588660 23715
1790111635 5391248 5588660 25486
1790111640 5396968 5588660 26964
1790111645 5402804 5588660 27105
1790111650 5402820 5588660 27105
1790111655 5408848 5588660 29368
1790111660 5433216 5588660 27856
1790111665 5433264 5588660 27856
1790111670 5434264 5588660 28069
1790111675 5446540 5588660 30932
1790111680 5446544 5588660 30932
1790111685 5459764 5588660 35634
1790111690 5454804 5588660 33304
1790111695 5455120 5588660 33304
1790111700 5487384 5588660 35659
1790111705 5680360 5680360 35659
1790111710 5681644 5681644 35659
1790111715 5700784 5700784 35659
1790111720 5685188 5746816 38254
1790111726 6036288 6036288 43598
1790111731 6288652 6288668 48325
1790111736 6478832 6535344 25643
1790111741 6518744 6535344 25643
1790111746 6556012 6556040 25643
1790111751 6526476 6556696 15139
1790111756 6526652 6556696 15138
1790111761 6526652 6556696 15138
1790111766 6526796 6556696 15138
1790111771 6526812 6556696 15138
1790111776 6526812 6556696 15138
1790111781 6526812 6556696 15138
1790111786 6526824 6556696 15138
1790111791 6553968 6556696 23746
1790111796 6543596 6556696 19580
1790111801 6540868 6556696 18552
1790111806 6541824 6556696 18932
1790111811 6542296 6556696 19088
1790111816 6542544 6556696 19088
1790111821 6548104 6556696 21352
1790111826 6548104 6556696 21352
1790111831 6556408 6556696 24432
1790111836 6556808 6564600 24432
1790111841 6556808 6564600 24432
1790111846 6564272 6569740 26802
1790111851 6564300 6569740 26801
1790111856 6571756 6571756 29154
1790111861 6571828 6578012 29154
1790111866 6571832 6578012 29154
